accession_id,total_reads,genus,genus_taxid,genus_accuracy,genus_sensitivity,genus_specificity,genus_true_positive,genus_true_negative,genus_false_positive,genus_false_negative,species,species_taxid,species_accuracy,species_sensitivity,species_specificity,species_true_positive,species_true_negative,species_false_positive,species_false_negative
NZ_CP041379.1,7288,Bacteroides,816,0.9999148777644697,0.9924533479692645,0.9999697359766604,7233,991246,30,55,Bacteroides intestinalis,329854,0.9996605124959442,0.9534851811196488,1.0,6949,991276,0,339
NZ_CP065983.1,90274,Aggregatibacter,416916,0.9989534972220108,0.9884573631388883,0.9999966970901364,89232,908287,3,1042,Aggregatibacter segnis,739,0.9851336519241631,0.8355561955823382,1.0,75429,908290,0,14845
NZ_CP032364.1,23097,Lachnoanaerobaculum,1164882,0.9998898418128432,0.9952374767285794,1.0,22987,975467,0,110,Lachnoanaerobaculum umeaense,617123,0.9998898418128432,0.9952374767285794,1.0,22987,975467,0,110
NZ_CP033459.1,2278,Pseudoprevotella,2884814,0.9999969956858048,0.9986830553116769,1.0,2275,996286,0,3,Pseudoprevotella muciniphila,2133944,0.9999969956858048,0.9986830553116769,1.0,2275,996286,0,3
NZ_CP015402.2,4221,Muribaculum,1918540,0.9999238907070553,0.9819947879649372,1.0,4145,994343,0,76,Muribaculum intestinale,1796646,0.999886837498648,0.9732290926320777,1.0,4108,994343,0,113
NZ_CP073277.1,18179,Clostridium,1485,0.9998357641573299,0.9912536443148688,0.9999948999627697,18020,980380,5,159,Clostridium butyricum,1492,0.990511374333543,0.478794213103031,1.0,8704,980385,0,9475
NZ_CP050134.2,3244,Corynebacterium,1716,0.9999959942477398,0.998766954377312,1.0,3240,995320,0,4,Corynebacterium matruchotii,43768,0.9999949928096747,0.9984586929716399,1.0,3239,995320,0,5
NZ_CP027235.1,17015,Haemophilus,724,0.9997756778734262,0.9901263590949162,0.9999429473210202,16847,981493,56,168,Haemophilus sp. oral taxon 036,712310,0.9972510525114063,0.8387305318836321,0.999998981202161,14271,981548,1,2744
NZ_CP046027.1,10808,Neisseria,482,0.9997606563024504,0.9781643227239082,0.9999969628126785,10572,987753,3,236,Neisseria brasiliensis,2666100,0.9996104405926911,0.9640081421169504,1.0,10419,987756,0,389
NZ_AP019822.1,13783,Pseudoleptotrichia,2755140,0.9996695254385297,0.9761300152361605,0.9999989845458026,13454,984780,1,329,Pseudoleptotrichia goodfellowii,157692,0.9996695254385297,0.9761300152361605,0.9999989845458026,13454,984780,1,329
NZ_CP040121.1,10258,Duncaniella,2518495,0.9998287540908745,0.9834275687268473,0.9999989881676323,10088,988305,1,170,Duncaniella sp. B8,2576606,0.9898203820686505,0.009066094755312927,1.0,93,988306,0,10165
NZ_AP025240.1,22170,Phocaeicola,909656,0.9986851118205743,0.9408209291835814,0.9999989758232845,20858,976393,1,1312,Phocaeicola vulgatus,821,0.9961444634495135,0.8263870094722598,0.9999989758232845,18321,976393,1,3849
NZ_AP019735.1,5456,Alistipes,239759,0.9998668087373468,0.9756231671554252,1.0,5323,993108,0,133,Alistipes communis,2585118,0.999821744024419,0.967375366568915,1.0,5278,993108,0,178
NZ_CP022022.1,6184,Capnocytophaga,1016,0.9999819741148289,0.9970892626131953,1.0,6166,992380,0,18,Capnocytophaga endodontalis,2708117,0.9994181644841993,0.9060478654592496,1.0,5603,992380,0,581
NZ_CP127164.1,11561,Bacillus,1386,0.9999208863928601,0.9931666810829513,1.0,11482,987003,0,79,Bacillus velezensis,492670,0.9888419770790856,0.03624253957270132,1.0,419,987003,0,11142
NZ_CP045696.1,7084,Sodaliphilus,2815786,0.9999258935831854,0.989553924336533,1.0,7010,991480,0,74,Sodaliphilus pleomorphus,2606626,0.9999258935831854,0.989553924336533,1.0,7010,991480,0,74
NZ_AP019831.1,28697,Leptotrichia,32067,0.999135758949852,0.9702756385684915,0.9999896893079154,27844,969857,10,853,Leptotrichia trevisanii,109328,0.9975184364747778,0.9136495104017841,1.0,26219,969867,0,2478
NZ_CP046313.1,14743,Gemella,1378,0.9997516433598648,0.9833141151733026,0.9999979671098705,14497,983819,2,246,Gemella sanguinis,84135,0.9995613701275031,0.9702909855524656,1.0,14305,983821,0,438
NZ_CP066560.1,4337,Histophilus,214906,0.9998467799760457,0.9649527323034356,0.9999989941934789,4185,994226,1,152,Histophilus somni,731,0.9998467799760457,0.9649527323034356,0.9999989941934789,4185,994226,1,152
NZ_CP072373.1,20038,Prevotella,838,0.9996154477830164,0.9817846092424394,0.9999805830402053,19673,978507,19,365,Prevotella denticola,28129,0.9985098601591886,0.9257909971054995,0.9999989780547477,18551,978525,1,1487
NZ_CP020566.1,5084,Veillonella,29465,0.999983976990959,0.9972462627852084,0.9999979868744212,5070,993478,2,14,Veillonella atypica,39777,0.9998968518792987,0.9797403619197482,1.0,4981,993480,0,103
NZ_CP121210.1,9736,Riemerella,34084,0.9997316145985635,0.9724732949876747,1.0,9468,988828,0,268,Riemerella anatipestifer,34085,0.9997316145985635,0.9724732949876747,1.0,9468,988828,0,268
NZ_CP017038.2,33313,Tannerella,195950,0.999935907963836,0.9980788280851319,1.0,33249,965251,0,64,Tannerella serpentiformis,712710,0.9999319022115758,0.9979587548404527,1.0,33245,965251,0,68
NZ_CP008849.1,56439,Alteromonas,226,0.9998908432509083,0.9980687113520792,1.0,56330,942125,0,109,Alteromonas australica,589873,0.9768797993919268,0.5909388897748011,1.0,33352,942125,0,23087
NZ_CP026548.1,18388,Faecalibacterium,216851,0.9995092953481199,0.9735697193822058,0.9999959191002432,17902,980172,4,486,Faecalibacterium prausnitzii,853,0.9984988443404729,0.918696976288884,0.9999959191002432,16893,980172,4,1495
NZ_CP040004.1,40190,Candidatus Nanosynbacter,2093823,0.9999108720122095,0.9978104005971635,0.999998956566017,40102,958373,1,88,Candidatus Nanosynbacter featherlites,2572088,0.9996755340669201,0.9919382931077383,1.0,39866,958374,0,324
NZ_CP017042.1,27827,Selenomonas,970,0.9999969956858048,0.9998921910374816,1.0,27824,970737,0,3,Selenomonas sp. oral taxon 920,1884263,0.9996985671424166,0.9891831674273188,1.0,27526,970737,0,301
NZ_CP012196.1,7257,Campylobacter,194,0.9999849784290241,0.9982086261540581,0.9999979824615381,7244,991305,2,13,Campylobacter gracilis,824,0.9999689554199831,0.9957282623673694,1.0,7226,991307,0,31
NZ_CP024700.1,23699,Fusobacterium,848,0.9995964204597803,0.9835858053082408,0.9999856390372001,23310,974851,14,389,Fusobacterium pseudoperiodonticum,2663009,0.9942467383162221,0.7577112958352673,0.9999969226508286,17957,974862,3,5742
NZ_CP114055.1,10078,Bergeyella,59735,0.9999419165922264,0.994244889859099,1.0,10020,988486,0,58,Bergeyella cardium,1585976,0.9999419165922264,0.994244889859099,1.0,10020,988486,0,58
NZ_CP013195.1,7070,Hoylesella,2974257,0.9995633730036332,0.9386138613861386,0.9999979828420545,6636,991492,2,434,Hoylesella enoeca,76123,0.9995613701275031,0.938048090523338,1.0,6632,991494,0,438
NZ_CP063424.1,2609,Actinobacillus,713,0.9997316145985635,0.9405902644691453,0.999886541058582,2454,995842,113,155,Actinobacillus pleuropneumoniae,715,0.9993771055235318,0.7650440781908777,0.9999909634471437,1996,995946,9,613
NZ_CP121769.1,23529,Glaesserella,2094023,0.9981944071686942,0.9234136597390454,0.9999989743957909,21727,975034,1,1802,Glaesserella parasuis,738,0.9981353223228556,0.9209061158570275,0.9999989743957909,21668,975034,1,1861
NZ_CP050497.1,17042,Treponema,157,0.9999869813051542,0.9995305715291632,0.9999949058706784,17034,981517,5,8,Treponema vincentii,69710,0.9921627457028293,0.5407815984039432,1.0,9216,981522,0,7826
NZ_CP068102.1,5850,Rothia,32207,0.9999909870574144,0.9984615384615385,1.0,5841,992714,0,9,Rothia aeria,172042,0.999933905087706,0.9887179487179487,1.0,5784,992714,0,66
NZ_CP097843.1,63359,Streptococcus,1301,0.9994922709010139,0.9923136413137834,0.9999786143145086,62872,935185,20,487,Streptococcus oralis,1303,0.9945842229441478,0.9146451175050111,1.0,57951,935205,0,5408
NZ_CP027228.1,14169,Mogibacterium,86331,0.9999178820786649,0.9942832945161973,0.9999989841476237,14088,984394,1,81,Mogibacterium diversum,114527,0.9998597986708914,0.990189851083351,0.9999989841476237,14030,984394,1,139
NZ_CP019668.1,305855,Burkholderia,32008,0.998433750866244,0.9948864658089618,1.0,304291,692709,0,1564,Burkholderia cenocepacia,95486,0.8856417815983753,0.6266400745451276,1.0,191661,692709,0,114194
NZ_CP097335.1,6355,Mannheimia,75984,0.9999038619457541,0.988985051140834,0.9999737958434161,6285,992183,26,70,Mannheimia haemolytica,75985,0.999869813051542,0.9812745869394178,0.9999889136260607,6236,992198,11,119
